rpm:3500.0
hood:65.0
vel:6050.2131
ang:67.6069
261.269 697.671
345.968 833.500
423.678 962.292
516.447 1079.095
589.571 1181.974
667.048 1272.621
750.710 1350.648
830.032 1428.021
909.552 1477.895
981.827 1524.342
1059.336 1560.292
1140.466 1584.274
1215.190 1600.781
1289.213 1599.273
1374.175 1586.377
1445.656 1570.795
1522.852 1533.895
1599.295 1490.707
1678.092 1434.608
1752.154 1369.419
1832.283 1288.278
1909.097 1199.164
1988.577 1104.840
2069.628 986.509
2154.409 852.051
2237.250 724.314
2306.061 574.068
2460.311 243.601
2551.549 56.407
